name: vian-osx
channels:
  - menpo
  - conda-forge
  - defaults
dependencies:
  - blas=1.1=openblas
  - ca-certificates=2018.11.29=ha4d7672_0
  - certifi=2018.11.29=py36_1000
  - gnutls=3.5.19=h2a4e5f8_1
  - nettle=3.3=0
  - numpy=1.15.1=py36_blas_openblashd3ea46f_0
  - openblas=0.2.20=8
  - openh264=1.8.0=hd28b015_0
  - openssl=1.0.2p=h470a237_1
  - qt=5.6.2=h9e3eb04_4
  - x264=1!152.20180717=h470a237_1
  - asn1crypto=0.24.0=py36_0
  - bzip2=1.0.6=h1de35cc_5
  - cairo=1.14.12=hc4e6be7_4
  - cffi=1.11.5=py36h6174b99_1
  - chardet=3.0.4=py36_1
  - cryptography=2.3.1=py36hdbc3d79_0
  - dbus=1.13.2=h760590f_1
  - decorator=4.3.0=py36_0
  - expat=2.2.6=h0a44026_0
  - ffmpeg=4.0=h01ea3c9_0
  - fontconfig=2.13.0=h5d5b041_1
  - freetype=2.9.1=hb4e5f40_0
  - gettext=0.19.8.1=h15daf44_3
  - giflib=5.1.4=h1de35cc_1
  - glib=2.56.2=hd9629dc_0
  - gmp=6.1.2=hb37e062_1
  - graphite2=1.3.12=h2098e52_2
  - h5py=2.8.0=py36h878fce3_3
  - harfbuzz=1.8.8=hb8d4a28_0
  - hdf5=1.10.2=hfa1e0ec_1
  - icu=58.2=h4b95b61_1
  - idna=2.7=py36_0
  - intel-openmp=2019.1=144
  - jasper=2.0.14=h636a363_1
  - jpeg=9b=he5867d9_2
  - libcxx=4.0.1=hcfea43d_1
  - libcxxabi=4.0.1=hcfea43d_1
  - libedit=3.1.20170329=hb402a30_2
  - libffi=3.2.1=h475c297_4
  - libgfortran=3.0.1=h93005f0_2
  - libiconv=1.15=hdd342a3_7
  - libopenblas=0.3.3=hdc02c5d_3
  - libopencv=3.4.2=h7c891bd_1
  - libopus=1.3=h1de35cc_0
  - libpng=1.6.35=ha441bb4_0
  - libtiff=4.0.9=hcb84e12_2
  - libvpx=1.7.0=h378b8a2_0
  - libwebp=1.0.1=hd73b212_0
  - libxml2=2.9.8=hab757c2_1
  - mkl=2019.1=144
  - mkl_fft=1.0.1=py36h917ab60_0
  - mkl_random=1.0.1=py36h78cc56f_0
  - ncurses=6.1=h0a44026_1
  - networkx=2.2=py36_1
  - nomkl=3.0=0
  - numpy-base=1.15.4=py36ha711998_0
  - openblas-devel=0.3.3=3
  - opencv=3.4.2=py36h6fd60c2_1
  - pcre=8.42=h378b8a2_0
  - pip=18.1=py36_0
  - pixman=0.34.0=hca0a616_3
  - py-opencv=3.4.2=py36h7c891bd_1
  - pycparser=2.19=py36_0
  - pyopenssl=18.0.0=py36_0
  - pyqt=5.6.0=py36h655552a_6
  - pysocks=1.6.8=py36_0
  - python=3.6.2=0
  - readline=6.2=2
  - requests=2.20.1=py36_0
  - scikit-learn=0.20.1=py36hebd9d1a_0
  - scipy=1.1.0=py36h1a1e112_1
  - setuptools=40.6.2=py36_0
  - sip=4.18.1=py36h0a44026_2
  - six=1.11.0=py36_1
  - sqlalchemy=1.2.14=py36h1de35cc_0
  - sqlite=3.13.0=0
  - tk=8.5.18=0
  - urllib3=1.23=py36_0
  - wheel=0.32.3=py36_0
  - xz=5.2.4=h1de35cc_4
  - zlib=1.2.11=h1de35cc_3
  - boost=1.59.0=py36_0
  - dlib=19.4=py36_0
  - pip:
    - alembic==1.0.5
    - banal==0.4.0
    - dataset==1.1.0
    - fastcluster==1.1.25
    - mako==1.0.7
    - markupsafe==1.1.0
    - normality==0.6.1
    - python-dateutil==2.7.5
    - python-editor==1.0.3
prefix: /anaconda3/envs/vian-osx

