name: vian-osx
channels:
- menpo
- conda-forge
- anaconda
- defaults
dependencies:
- asn1crypto=0.24.0=py35_0
- cffi=1.11.5=py35h6174b99_1
- chardet=3.0.4=py35_1
- cryptography=2.3.1=py35hdbc3d79_0
- dbus=1.13.2=h760590f_1
- decorator=4.3.0=py35_0
- expat=2.2.6=h0a44026_0
- gettext=0.19.8.1=h15daf44_3
- glib=2.56.2=hd9629dc_0
- icu=58.2=h4b95b61_1
- idna=2.7=py35_0
- intel-openmp=2019.0=118
- libffi=3.2.1=h475c297_4
- libgfortran=3.0.1=h93005f0_2
- libiconv=1.15=hdd342a3_7
- libpng=1.6.34=he12f830_0
- mkl=2019.0=118
- networkx=2.1=py35_0
- pcre=8.42=h378b8a2_0
- pycparser=2.19=py35_0
- pyopenssl=18.0.0=py35_0
- pyqt=5.6.0=py35hbd126f6_6
- pysocks=1.6.8=py35_0
- qt=5.6.3=h1d42b2f_0
- requests=2.19.1=py35_0
- sip=4.18.1=py35h79e1f92_2
- six=1.11.0=py35_1
- urllib3=1.23=py35_0
- bzip2=1.0.6=1
- cairo=1.14.12=h276e583_5
- ffmpeg=4.0.2=ha0c5888_1
- fontconfig=2.13.1=hce039c3_0
- freetype=2.9.1=h6debe1e_4
- giflib=5.1.4=h470a237_1
- gmp=6.1.2=hfc679d8_0
- gnutls=3.5.19=h2a4e5f8_1
- graphite2=1.3.12=h7d4d677_1
- harfbuzz=1.9.0=h04dbb29_1
- jpeg=9c=h470a237_1
- libtiff=4.0.9=he6b73bb_2
- libwebp=0.5.2=7
- libxml2=2.9.8=h422b904_5
- mkl_fft=1.0.6=py35_0
- mkl_random=1.0.1=py35_0
- nettle=3.3=0
- openblas=0.2.20=8
- openh264=1.7.0=0
- pixman=0.34.0=h470a237_3
- python=3.5.5=h5001a0f_2
- readline=7.0=haf1bffa_1
- tk=8.6.8=ha92aebf_0
- x264=1!152.20180717=h470a237_1
- xz=5.2.4=h470a237_1
- blas=1.0=mkl
- ca-certificates=2018.03.07=0
- certifi=2018.8.24=py35_1
- h5py=2.8.0=py35h60fea5d_3
- hdf5=1.8.20=hfa1e0ec_1
- jasper=2.0.14=h636a363_1
- libcxx=4.0.1=h579ed51_0
- libcxxabi=4.0.1=hebd6815_0
- libedit=3.1.20170329=hb402a30_2
- libopenblas=0.3.3=hdc02c5d_3
- libopencv=3.4.2=h0d3447a_1
- ncurses=6.1=h0a44026_0
- numpy=1.15.2=py35h6a91979_0
- numpy-base=1.15.2=py35h8a80b8c_0
- opencv=3.4.2=py35h40b0b35_1
- openssl=1.0.2p=h1de35cc_0
- pip=10.0.1=py35_0
- py-opencv=3.4.2=py35h0d3447a_1
- scikit-learn=0.20.0=py35h4f467ca_1
- scipy=1.1.0=py35h28f7352_1
- setuptools=40.2.0=py35_0
- sqlite=3.25.2=ha441bb4_0
- wheel=0.31.1=py35_0
- zlib=1.2.11=hf3cbc9b_2
- dlib=19.9=py35_0
- pip:
  - alembic==1.0.0
  - banal==0.3.8
  - dataset==1.1.0
  - fastcluster==1.1.25
  - mako==1.0.7
  - markupsafe==1.0
  - mkl-fft==1.0.6
  - mkl-random==1.0.1
  - normality==0.6.1
  - python-dateutil==2.7.3
  - python-editor==1.0.3
  - sqlalchemy==1.2.12
prefix: /Users/Kris/anaconda/envs/vian-osx

